radix = 10;
coefdata = -0.000023612137922631 0.000000000000000000 0.000076215904209052 0.000223722369816371 0.000450121926970896 0.000743528677435444 0.001065526189666028 0.001347750816183087 0.001494240557219061 0.001391051965632366 0.000923514336431612 -0.000000000000000001 -0.001420524241597354 -0.003301326839279770 -0.005506203863525262 -0.007788451891881811 -0.009794929930350209 -0.011087860568391977 -0.011184491723792347 -0.009611788991989240 -0.005970425583214199 0.000000000000000003 0.008363886213072795 0.018949981316929394 0.031336880617046453 0.044868430824516803 0.058699851724740820 0.071871001565380843 0.083399076885212697 0.092379825361321694 0.098084615828245819 0.100040785383826852 0.098084615828245819 0.092379825361321694 0.083399076885212697 0.071871001565380774 0.058699851724740820 0.044868430824516803 0.031336880617046453 0.018949981316929394 0.008363886213072795 0.000000000000000003 -0.005970425583214199 -0.009611788991989230 -0.011184491723792336 -0.011087860568391977 -0.009794929930350209 -0.007788451891881811 -0.005506203863525262 -0.003301326839279770 -0.001420524241597354 -0.000000000000000001 0.000923514336431612 0.001391051965632366 0.001494240557219061 0.001347750816183087 0.001065526189666028 0.000743528677435445 0.000450121926970896 0.000223722369816371 0.000076215904209052 0.000000000000000000 -0.000023612137922631;